actor_lr = 0.00001
critic_lr = 0.00003
discount_factor = 0.99
entropy_coeff = 0.05